#f, Uc, a
 10000.0    0.850    1,50e-6
 20000.0    1.130    1.56e-6
 22000.0    1.240    1.80e-6
 26000.0    1.600    2.60e-6
 25400.0    1.530    2.60e-6
 27000.0    1.730    2.80e-6
 28000.0    1.940    3.20e-6
 28380.0    2.000    3.60e-6
 28500.0    2.040    3.60e-6
 28800.0    2.100    4.00e-6
 29000.0    2.120    3.80e-6
 29500.0    2.220    3.90e-6
 29800.0    2.300    3.80e-6
 30000.0    2.320    4.00e-6
 30400.0    2.400    4.20e-6
 31000.0    2.520    4.60e-6
 31500.0    2.620    5.20e-6
 32500.0    2.770    6.00e-6
 32000.0    2.720    5.60e-6
 33000.0    2.800    6.20e-6
 33500.0    2.820    7.00e-6
 34000.0    2.800    7.60e-6
 34500.0    2.720    7.80e-6
 35500.0    2.540    8.40e-6
 35000.0    2.650    8.20e-6
 36000.0    2.440    8.80e-6
 37000.0    2.200    9.40e-6
 38000.0    1.940    9.20e-6
 39000.0    1.720    9.20e-6
 40000.0    1.520   10.20e-6
 42000.0    1.240   10.00e-6
 50000.0    0.650    9.20e-6
#500000.0    0.015    0.88e-6
