1.687511980000000467e-01
1.683301230000000537e-01
1.677524480000000540e-01
1.670211730000000505e-01
1.661392980000000741e-01
1.651098230000000444e-01
1.639357480000000755e-01
1.626200730000000316e-01
1.611657980000000545e-01
1.595759230000000362e-01
1.560013730000000542e-01
1.519204230000000266e-01
1.473570730000000328e-01
1.423353230000000413e-01
1.368791730000000206e-01
1.310126230000000225e-01
1.247596730000000431e-01
8.853892300000000548e-02
4.625817300000001353e-02
2.287317500000000600e-02
