1.688163569999999725e-01
1.684269620000000134e-01
1.678803669999999748e-01
1.671795720000000540e-01
1.663275769999998932e-01
1.653273819999999672e-01
1.641819870000000847e-01
1.628943919999999990e-01
1.614675970000000182e-01
1.599046020000001178e-01
1.563820119999999037e-01
1.523506220000000466e-01
1.478344320000000156e-01
1.428574419999999456e-01
1.374436519999998607e-01
1.316170619999998959e-01
1.254016719999998530e-01
8.933272200000008656e-02
4.714377200000008372e-02
2.560014799999987822e-02
