7.603200000000000236e-02
7.483229166666666154e-02
7.363333333333332842e-02
7.243537499999999629e-02
7.123866666666667236e-02
7.004345833333333604e-02
6.885000000000000842e-02
6.765854166666666891e-02
6.646933333333332472e-02
6.528262500000001078e-02
6.409866666666665103e-02
6.291770833333333590e-02
6.173999999999998933e-02
6.056579166666667402e-02
5.939533333333332776e-02
5.822887500000001326e-02
5.706666666666666832e-02
5.475600000000001299e-02
5.246533333333333604e-02
5.019666666666666721e-02
4.795199999999999463e-02
4.573333333333332723e-02
4.354266666666667396e-02
4.138200000000000212e-02
3.925333333333332758e-02
3.715866666666666623e-02
3.509999999999999926e-02
3.109866666666667029e-02
2.726533333333333239e-02
2.361599999999999810e-02
2.016666666666666607e-02
1.693333333333333496e-02
9.900000000000000813e-03
4.566666666666667658e-03
1.183333333333333546e-03
3.010416666666666883e-04
