#x in cm, D_0(x) in mm, D_M(x) in mm
48.0 1.70 6.25
47.5 1.60 6.17
47.0 1.60 6.09
46.5 1.58 6.01
46.0 1.58 5.92
45.5 1.56 5.82
45.0 1.55 5.73
44.5 1.53 5.65
44.0 1.52 5.57
43.5 1.51 5.48
43.0 1.49 5.40
42.5 1.49 5.33
42.0 1.48 5.26
41.5 1.47 5.17
41.0 1.45 5.09
40.5 1.44 5.01
40.0 1.44 4.94
39.0 1.43 4.77
38.0 1.42 4.64
37.0 1.41 4.50
36.0 1.41 4.38
35.0 1.40 4.24
34.0 1.40 4.11
33.0 1.40 3.98
32.0 1.40 3.85
31.0 1.42 3.75
30.0 1.43 3.63
28.0 1.48 3.42
26.0 1.51 3.25
24.0 1.55 3.06
22.0 1.61 2.91
20.0 1.67 2.75
15.0 1.84 2.50
10.0 2.08 2.39
5.0  0.61 0.69
2.5  0.75 0.78
