#x in cm, D_0(x) in mm, D_M(x) in mm
48.0 -0.28 4.74
47.5 -0.26 4.69
47.0 -0.24 4.64
46.5 -0.13 4.58
46.0 -0.22 4.51
45.5 -0.20 4.45
45.0 -0.19 4.39
44.5 -0.19 4.32
44.0 -0.17 4.26
43.5 -0.14 4.20
43.0 -0.14 4.14
42.5 -0.11 4.08
42.0 -0.11 4.01
41.5 -0.09 3.94
41.0 -0.08 3.87
40.5 -0.07 3.81
40.0 -0.05 3.76
39.0 -0.01 3.65
38.0  0.04 3.55
37.0 0.08 3.44
36.0 0.14 3.35
35.0 0.18 3.28
34.0 0.23 3.16
33.0 0.28 3.07
32.0 0.32 2.97
31.0 0.38 2.90
30.0 0.44 2.82
28.0 0.55 2.68
26.0 0.69 2.56
24.0 0.82 2.45
22.0 0.96 2.36
20.0 1.10 2.28
15.0 1.43 2.14
10.0 1.84 2.19
5.0 0.60 0.70
2.5 0.85 0.82
