100.0    -5.74         55.0   183
101.0    -5.68         56.5   192
102.0    -5.66         58.0   201
103.0    -5.61         59.5   218
104.0    -5.57         61.0   233
105.0    -4.52         65.0   255
106.0    -4.47         68.0   283
107.0    -4.42         71.0   323
108.0    -4.37         74.0   369
109.0    -4.31         77.0   424
110.0    -4.25         80.0   476
111.0    -4.20         83.0   548
112.0    -4.14         86.0   608
113.0    -4.08         89.0   681
114.0    -4.01         92.0   766
115.0    -3.95         95.0   845
116.0    -3.88         98.0   956
117.0    -3.81        101.0  1047
118.0    -3.75
119.0    -3.68
120.0    -3.60
121.0    -3.52
122.0    -3.46
123.0    -3.38
124.0    -3.30
125.0    -3.22
126.0    -3.14
